61138
61255
61552
61553
61583
61730
61743
61747
61760
61780
61789
61837
61912
61975
61980
61981
61990
61991
62004
62006
62011
62021
62023
62026
62028
62032
62037
62038
62039
62043
62566
62567
62754
62827
62832
62833
62834
62840
63090
63092
63186
63235
63236
63237
63289
63290
63295
63296
63297
63300
63302
63306
63352
63353
63355
63357
63359
63402
63540
63542
63544
63550
63593
63667
63899
63900
63901
63902
63903
63905
63907
63908
63910
63912
63913
63914
63920
63924
63927
63930
63931
63932
63933
63934
63935
63948
63949
63950
63951
63952
63955
63956
63959
63961
63962
63963
63964
63968
63972
63973
63976
63977
63978
63979
63984
63985
63988
63989
63990
63991
63994
63995
63999
64004
64005
64007
64011
64018
64020
64023
64025
64028
64032
64033
64036
64037
64040
64041
64042
64046
64047
64050
64051
64054
64057
64058
64059
64060
64065
64067
64070
64072
64073
64081
64082
64086
64089
64092